1:10;
100:-5:50;
0:pi/8:pi;
A = [1 2 3 4; 4 5 6 7; 7 8 9 10]
A(:,2)
A(:,2:3)
A(2:3,2:3)
